1050, 0.5952905210166667
1155, 0.46229220911
1301, 0.6907237135037037
1311, 0.50601874888
1312, 0.556118307
1315, 0.7020285358972972
1316, 0.7392018513421054
1321, 0.5508187236428571
1322, 0.5107084522187499
1331, 0.5932417589
1332, 0.6339394406360002
1371, 0.5902039615444443
1372, 0.542492098355
1501, 0.6272447653181819
1502, 0.5990245345909092
1700, 0.4427902108818182
1801, 0.9667585568571428
1803, 0.701442004125
1813, 0.7222222222333333
2050, 0.6866366514
2051, 0.8370887083833334
2101, 0.5769047737818181
2110, 0.5585573905
2130, 0.37093739615
2200, 0.5241634201375
2250, 0.8664294330363638
2260, 0.6170212766
2261, 0.6856105834176471
2316, 0.7028756762833334
2330, 0.3048054174666667
2331, 0.3631399684
2335, 0.7541800136791665
2340, 0.8032380402956522
2341, 0.7882695803
2360, 0.461059676275
2390, 0.6201689328666666
2430, 0.39523627189
2699, 0.9517936452290322
2760, 0.5320079077090909
2801, 0.8597528993416667
2803, 0.8804953844545454
2804, 0.836403508775
3101, 0.9843137255000001
3156, 0.4459385652625001
3158, 0.403118935090909
3210, 0.7561060023266666
3220, 0.7420083288999999
3240, 0.6797258118631578
3251, 0.7115711184232556
3300, 0.8872337269586207
3302, 0.8764471220899999
3351, 0.9161079451199999
3352, 1
3353, 1
3361, 0.5617368175124999
3411, 0.635199867011111
3431, 0.591313175009091
3451, 0.5972934761695652
3500, 0.4648334162733334
3510, 0.6191210219484848
3511, 0.718132978142857
3600, 0.588044747756
3630, 0.8357256261454545
3650, 0.9230769231
3651, 0.8998464364727272
3743, 1
3750, 0.8632210823799998
3760, 0.49627896512499997
3765, 0.9166666666500001
3790, 0.7801693806458334
3801, 0.9817185758000001
3802, 0.8789048789
3803, 0.8431972789142856
3901, 0.9716895054277777
3902, 0.9294711824199998
3903, 0.9
3911, 0.9057585183928573
4000, 0.8566741708
4001, 0.8473825296189187
4002, 0.7858291166
4005, 1
4010, 0.8191281937333333
4052, 1
4057, 1
4140, 0.5663425926
4210, 0.607107774732
4220, 0.7429352885470588
4225, 0.6413165266
4230, 0.6999208676714286
4232, 0.7333333333500001
4235, 0.8343143800210525
4237, 0.8138053467
4240, 0.6132523893066667
4242, 0.7632352941333332
4245, 0.67857142855
4251, 0.7294101764
4255, 0.8698602861125
4260, 0.8697065019083333
4261, 0.9152377410846153
4270, 0.9758978903750001
4280, 0.9314613308
4290, 0.6137852672045454
4301, 0.7825289793
4306, 0.9187686071199999
4307, 0.8571810542454545
4308, 0.98161764706
4309, 0.9930069930090909
4310, 0.9559640522899999
4311, 0.9167859640636364
4312, 0.925
4320, 0.90498132587
4324, 0.7998405103999999
4330, 0.8000900614545454
4331, 0.52
4335, 0.9008658008799999
4340, 0.8371920872
4341, 0.8753869969
4342, 0.696969697
4343, 0.96
4344, 0.9473684211
4345, 0.8563311710272727
4351, 0.6872605364
4361, 1
4365, 0.7515669515666666
4375, 0.7287234332285715
4380, 0.7367674535666667
4381, 0.8748513440666668
4385, 0.6239285167199999
4390, 0.6206477614749999
4391, 0.6392923803166667
4392, 0.75
4400, 0.7372002181416669
4410, 0.5824561403666667
4420, 0.7049289625437499
4431, 0.5318157534125001
4440, 0.8554109212285715
4450, 0.6879899072000001
4451, 0.6706632423529412
4452, 0.9166666666500001
4455, 0.8900129335818182
4460, 0.6901092240083334
4464, 0.9087651822
4465, 0.84444444445
4470, 0.64700164192
4472, 0.8716165413666667
4475, 0.9458327699636363
4480, 0.9514115656333334
4495, 0.6908036029764706
4496, 0.7342662849833332
4500, 0.7233115468666668
4510, 0.6966547216666665
4540, 0.8423423662555556
4550, 1
4590, 0.8198968654384615
4600, 0.63441019507
4605, 0.9278575550555556
4610, 0.8888888889
4611, 0.48095238095000004
4612, 0.9090909091
4616, 0.7370689655
4630, 0.84509803925
4631, 0.90302066775
4632, 0.9684210526400001
4635, 0.7640719852625001
4640, 0.6763392857
4641, 0.6660023200866667
4642, 0.60533730158
4649, 0.908035714275
4650, 0.66794817928
4660, 0.8753062963473683
4665, 0.8333333333
4670, 0.7380952381
4675, 0.9
4685, 0.5
4690, 0.86304347826
4699, 0.927819238622857
4710, 0.9446131263333334
4730, 1
4731, 0.795935976509091
4741, 1
4742, 1
4750, 0.8478202110100002
4752, 0.75875368592
4753, 0.9432712215399999
4754, 0.51923076925
4760, 0.54813492063
4770, 0.8611111111166667
4777, 0.66408628408
4790, 0.8090909091
4792, 1
4793, 0.7733375958999998
4801, 0.7757482775066665
4802, 0.7974626293
4803, 0.7804034796559999
4804, 0.8846153846
4812, 0.79868161251
4813, 1
4821, 1
4823, 1
4901, 0.9054547862458331
4903, 0.9523653950406782
4911, 0.9642078084266668
4912, 0.978221415625
4980, 0.9311965994535714
6001, 0.9809523809571429
6010, 0.8645623382666666
6035, 0.9077336500000001
6040, 0.9615384615
6140, 0.8234269869571429
6144, 0.82386363635
6150, 0.96825396825
6152, 0.8488243782666668
6153, 0.7857142857
6155, 0.5553195606625
6156, 0.6630591630666668
6158, 0.7244318182
6210, 0.759809132009375
6220, 0.7479692874125
6230, 0.7965072249764706
6235, 0.9136598912214285
6236, 0.8627842377199999
6238, 0.8029336478833334
6240, 0.87376183445
6241, 0.7492238805315792
6242, 0.91624009745
6246, 0.8119369369333332
6250, 0.8933579571952379
6255, 0.9057133198285714
6260, 0.7379526526285713
6262, 0.8374110239149999
6265, 0.9022615307384616
6266, 1
6280, 0.8857142857000001
6290, 0.7792288373740741
6300, 0.8974299061899998
6301, 0.8571428571
6310, 0.7949169019090909
6320, 0.88333333335
6330, 0.7408373205800001
6340, 0.8900232713599999
6361, 0.8629629629666665
6362, 0.84
6365, 0.8907899320999999
6380, 0.8925537098599999
6381, 1
6385, 0.8692951318666666
6386, 0.831797235
6390, 0.6797024404142856
6393, 0.7011148272
6395, 0.7271241829999999
6397, 0.8421839080333333
6398, 0.8611111111
6400, 0.85376933375
6410, 0.7817628205
6411, 0.7294429708
6415, 0.64423076925
6420, 0.7983535294571429
6421, 0.7922077922
6422, 0.956876026275
6430, 0.86363636365
6432, 0.8079365079
6440, 0.89563154488
6450, 0.8218293086833333
6451, 0.9670767828727272
6452, 0.8682457568222223
6453, 0.6972332016
6455, 0.8653003970076922
6456, 0.8099624669571428
6457, 0.9434137291285714
6460, 0.8815126485437501
6465, 0.9824561403666667
6470, 0.8870109602727273
6475, 0.80072463765
6480, 0.8514957265
6485, 0.9016608391600001
6490, 0.7949972717111111
6491, 0.8255027425562501
6500, 0.6282051282
6505, 0.7953003275559998
6520, 0.8052910713571428
6550, 0.7899368797062499
6555, 0.825
6601, 0.8372275126769231
6643, 0.7935045964285715
6644, 0.7874999999928571
6660, 0.8427570427666667
6675, 0.97856699015
6725, 0.9284002024
6730, 0.8852663739714286
6740, 0.7750817523777778
6750, 0.8928300736758621
6751, 0.9288537045625
6752, 0.8104697227000001
6753, 0.9779789850333334
6754, 0.85061188811875
6760, 0.877588856175
6761, 0.75
6763, 0.9666666666666667
6764, 1
6770, 0.9756493506428571
6780, 0.8273809523857143
6790, 1
6791, 1
6795, 0.8024318603357143
6998, 0.9601934523749999
6999, 0.9725613276692309
7001, 0.9892378003857143
7110, 0.5833333333499999
7210, 0.9095840146749999
7260, 0.9002502044307691
7270, 0.9107659590666667
7290, 0.879812834225
7292, 1
7321, 0.6843434343666667
7322, 0.7408906882499999
7323, 0.47039473685
7331, 0.3333333333
7332, 0.2
7341, 0.8
7343, 0.6666666667
7344, 1
7360, 0.6666666667
7390, 0.6666666667
7431, 0.8025362319
7450, 0.8467251264176471
7455, 0.98090909091
7460, 0.8350926851000001
7465, 0.4761904762
7467, 0.7592592592666666
7470, 0.8864449678846152
7490, 0.8594214026833332
7491, 0.8361326174
7492, 1
7495, 0.9131733716222222
7496, 0.8599713714727273
7497, 0.863636363625
7501, 0.8394383394666667
7510, 0.8266666666666667
7512, 0.625
7513, 0.8333333333499999
7520, 0.7936232395
7530, 0.8799404761749999
7535, 0.6666666667
7540, 0.625
7545, 0.71634615385
7560, 0.6904761905
7610, 0.8666666666666666
7611, 0.76875
7612, 0.4615384615
7613, 0.8006993007000001
7615, 0.7272727273
7616, 0.7419354839
7620, 0.9611111110999999
7630, 0.8726596811555556
7631, 0.89074312215
7632, 0.84444444445
7633, 0.95
7634, 0.8796791444000001
7635, 0.5714285714
7636, 0.80555555555
7637, 0.7801871255166666
7641, 0.806126139675
7646, 0.901268684775
7649, 0.959636222925
7650, 0.7527037411857141
7695, 0.6845238095
7696, 0.6923076923
7697, 0.76724941726
7785, 0.9552669552714287
7790, 0.8730158729999999
8001, 0.8571428571
8030, 0.4732142857125
8052, 0.8571428571
8111, 0.75
8112, 0.8303977272749999
8113, 0.7179691799181819
8502, 0.6977961432545454
8503, 0.9203188288545454
8750, 0.9166666666642858
8751, 1
8801, 0.910845588225
8802, 0.737905907675
8803, 0.817806702672414
8804, 0.7242063492
8805, 1
8893, 0.7612433862333333
8902, 0.7733763390076922
8903, 0.907198103926087
8999, 0.5246116583692308